[0.19023, 1.13884, 1.215, 0.97105] 10.0
[0.16132, 1.09659, 1.215, 0.96678] 9.85087
[0.21341, 1.1379, 1.17317, 0.98158] 9.65029
[0.23912, 1.15298, 1.16875, 0.98456] 9.70749
[0.19023, 1.13884, 1.215, 0.97105] 10.0
[0.19113, 1.14715, 1.215, 0.97379] 10.0
[0.19113, 1.14715, 1.215, 0.97379] 10.0
[0.19023, 1.13884, 1.215, 0.97105] 10.0
[0.17473, 1.19104, 1.215, 0.97969] 9.72965
[0.22089, 1.1269, 1.20579, 0.99817] 10.0
[0.18933, 1.13053, 1.215, 0.96831] 10.0
[0.23348, 1.08204, 1.19712, 0.97703] 9.67903
[0.19113, 1.14715, 1.215, 0.97379] 10.0
[0.19113, 1.14715, 1.215, 0.97379] 10.0
[0.19023, 1.13884, 1.215, 0.97105] 10.0
[0.19113, 1.14715, 1.215, 0.97379] 10.0
[0.2003, 1.15267, 1.17895, 1.00686] 9.81568
[0.15689, 1.15509, 1.215, 0.95201] 9.65871
[0.19023, 1.13884, 1.215, 0.97105] 10.0
[0.19113, 1.14715, 1.215, 0.97379] 10.0
[0.19113, 1.14715, 1.215, 0.97379] 10.0
[0.19023, 1.13884, 1.215, 0.97105] 10.0
[0.20313, 1.09093, 1.215, 0.98767] 9.87099
[0.18471, 1.17326, 1.19378, 0.97021] 9.76676
[0.17831, 1.17572, 1.215, 0.97307] 9.71054
[0.13971, 1.13378, 1.215, 0.93972] 10.0
[0.21581, 1.10344, 1.215, 0.99465] 9.54998
[0.18933, 1.13053, 1.215, 0.96831] 10.0
[0.16615, 1.08581, 1.215, 0.99814] 9.81997
[0.19023, 1.13884, 1.215, 0.97105] 10.0
[0.19023, 1.13884, 1.215, 0.97105] 10.0
[0.19113, 1.14715, 1.215, 0.97379] 10.0
[0.19023, 1.13884, 1.215, 0.97105] 10.0
[0.17024, 1.12219, 1.18032, 0.93075] 9.74874
[0.22706, 1.11131, 1.215, 1.01803] 9.91201
[0.14968, 1.1137, 1.215, 0.96821] 10.0
[0.18933, 1.13053, 1.215, 0.96831] 10.0
[0.24047, 1.18261, 1.18157, 0.96422] 9.80453
[0.19023, 1.13884, 1.215, 0.97105] 10.0
[0.17653, 1.16103, 1.215, 0.97662] 9.59166
[0.22631, 1.1045, 1.17572, 0.93054] 10.0
[0.19023, 1.13884, 1.215, 0.97105] 10.0
[0.15168, 1.10992, 1.2123, 0.99134] 10.0
[0.18933, 1.13053, 1.215, 0.96831] 10.0
[0.19023, 1.13884, 1.215, 0.97105] 10.0
[0.18933, 1.13053, 1.215, 0.96831] 10.0
[0.19023, 1.13884, 1.215, 0.97105] 10.0
[0.19023, 1.13884, 1.215, 0.97105] 10.0
[0.21819, 1.16949, 1.215, 1.01093] 10.0
[0.19023, 1.13884, 1.215, 0.97105] 10.0
[0.1929, 1.18802, 1.20477, 0.92752] 9.60417
[0.21625, 1.11851, 1.19906, 1.00919] 9.97939
[0.20955, 1.16073, 1.215, 0.99862] 9.75398
[0.19023, 1.13884, 1.215, 0.97105] 10.0
[0.19023, 1.13884, 1.215, 0.97105] 10.0
[0.14941, 1.14778, 1.19835, 0.9239] 10.0
[0.22116, 1.08744, 1.17846, 0.99324] 10.0
[0.18933, 1.13053, 1.215, 0.96831] 10.0
[0.20483, 1.14749, 1.215, 0.97758] 9.7146
[0.21576, 1.14554, 1.20372, 0.99259] 10.0
[0.19113, 1.14715, 1.215, 0.97379] 10.0
[0.20196, 1.12067, 1.215, 1.0025] 9.67546
[0.16155, 1.18764, 1.215, 0.93917] 9.91986
[0.14345, 1.13132, 1.20044, 0.94781] 9.63502
[0.15882, 1.12864, 1.17444, 0.94833] 9.84733
[0.19113, 1.14715, 1.215, 0.97379] 10.0
[0.19023, 1.13884, 1.215, 0.97105] 10.0
[0.17725, 1.13178, 1.20062, 1.00643] 9.79815
[0.19113, 1.14715, 1.215, 0.97379] 10.0
[0.19023, 1.13884, 1.215, 0.97105] 10.0
[0.14458, 1.12067, 1.215, 0.93917] 10.0
[0.21077, 1.09425, 1.19677, 0.95333] 9.58209
[0.19023, 1.13884, 1.215, 0.97105] 10.0
[0.19113, 1.14715, 1.215, 0.97379] 10.0
[0.19251, 1.17692, 1.215, 0.99359] 10.0
[0.19023, 1.13884, 1.215, 0.97105] 10.0
[0.14619, 1.17397, 1.21192, 0.94817] 10.0
[0.23159, 1.12036, 1.16866, 1.00087] 10.0
[0.19319, 1.16149, 1.215, 0.98757] 9.8795
[0.19113, 1.14715, 1.215, 0.97379] 10.0
[0.14934, 1.09609, 1.215, 0.95814] 9.6607
[0.19023, 1.13884, 1.215, 0.97105] 10.0
[0.23869, 1.15588, 1.17368, 0.96884] 10.0
[0.1753, 1.14103, 1.215, 0.96696] 10.0
[0.14715, 1.17284, 1.19738, 0.98825] 10.0
[0.19023, 1.13884, 1.215, 0.97105] 10.0
[0.19023, 1.13884, 1.215, 0.97105] 10.0
[0.17275, 1.18845, 1.215, 0.99609] 10.0
[0.16433, 1.12436, 1.215, 0.96963] 9.71631
[0.17299, 1.1488, 1.215, 0.99999] 10.0
[0.18933, 1.13053, 1.215, 0.96831] 10.0
[0.14789, 1.17395, 1.19976, 1.01898] 9.73193
[0.14805, 1.11636, 1.215, 1.01199] 9.70665
[0.14412, 1.13143, 1.19746, 0.96107] 10.0
[0.19023, 1.13884, 1.215, 0.97105] 10.0
[0.19023, 1.13884, 1.215, 0.97105] 10.0
[0.19113, 1.14715, 1.215, 0.97379] 10.0
[0.14147, 1.11687, 1.21305, 0.92877] 9.55261
[0.24047, 1.17241, 1.2017, 0.9675] 10.0
[0.18933, 1.13053, 1.215, 0.96831] 10.0
[0.19113, 1.14715, 1.215, 0.97379] 10.0
[0.18933, 1.13053, 1.215, 0.96831] 10.0
[0.18733, 1.15482, 1.215, 0.93226] 10.0
[0.18933, 1.13053, 1.215, 0.96831] 10.0
[0.1857, 1.10297, 1.19544, 0.97148] 9.65847
[0.23146, 1.10462, 1.215, 0.94896] 10.0
[0.19113, 1.14715, 1.215, 0.97379] 10.0
[0.18933, 1.13053, 1.215, 0.96831] 10.0
[0.21007, 1.14337, 1.215, 0.99226] 9.76113
[0.19023, 1.13884, 1.215, 0.97105] 10.0
[0.23893, 1.15673, 1.215, 0.96825] 10.0
[0.20741, 1.10856, 1.19776, 0.95104] 10.0
[0.24084, 1.19163, 1.215, 0.94805] 10.0
[0.2035, 1.11471, 1.215, 0.929] 9.80758
[0.14752, 1.17694, 1.18396, 0.96546] 9.52148
[0.19113, 1.14715, 1.215, 0.97379] 10.0
[0.19113, 1.14715, 1.215, 0.97379] 10.0
[0.16835, 1.15559, 1.20655, 0.94394] 10.0
[0.19298, 1.13821, 1.16644, 0.94542] 9.68531
[0.24034, 1.14997, 1.18858, 0.94128] 9.80335
[0.19113, 1.14715, 1.215, 0.97379] 10.0
[0.15801, 1.0846, 1.21113, 0.9247] 10.0
[0.14205, 1.10413, 1.17643, 0.94619] 10.0
[0.19023, 1.13884, 1.215, 0.97105] 10.0
[0.14038, 1.11751, 1.215, 0.93143] 9.51257
[0.21139, 1.16645, 1.215, 0.93511] 10.0
[0.17063, 1.15892, 1.19696, 1.01414] 9.8606
[0.1769, 1.14137, 1.215, 1.01988] 10.0
